903 3
1284
3100 9
4391
6512 16
6545
6848 17
6871
7177 18
7229
7826 20
7857
8154 21
8575
9479 24
9507
9808 25
9972
10273 26
10434
10740 27
10792
11395 29
11428
11729 30
12545
12846 31
12877
13785 34
13818
14124 35
14176
14777 37
39990
40898 40
40930
41236 41
41288
41885 43
42046
42343 44
42507
42823 45
44005
44916 48
44968
45569 50
45730 45
45954
46255 51
46419
46737 52
46807
47404 54
48686
52641 67
52675
52974 68
52997
53299 69
53351
53952 71
53983
54280 72
54905
55809 75
55837
56134 76
56298
56595 77
56756
57058 78
57110
57709 80
57742
58043 81
58776
59077 82
59108
60016 85
60049
60351 86
60403
61000 88
72266
73170 91
73202
73508 92
73560
74157 94
74318
74619 95
74783
75103 96
75931
76834 99
76886
77483 101
77644 96
78181
78478 102
78642
78956 103
79026
79631 105
80885
