903 3
1284
3100 9
4391
6512 16
6545
6848 17
6871
7177 18
7229
7826 20
7857
8154 21
8575
9479 24
9507
9808 25
9972
10273 26
10434
10740 27
10792
11395 29
11428
11729 30
12545
12846 31
12877
13785 34
13818
14124 35
14176
14777 37
35498
36406 40
36438
36744 41
36796
37393 43
37554
37851 44
38015
38331 45
39180
40091 48
40143
40744 50
40905 45
41462
41763 51
41927
42245 52
42315
42912 54
44194
48149 67
48183
48482 68
48505
48807 69
48859
49460 71
49491
49788 72
50209
51113 75
51141
51438 76
51602
51899 77
52060
52362 78
52414
53013 80
53046
53347 81
54317
54618 82
54649
55557 85
55590
55892 86
55944
56541 88
58760
59664 91
59696
60002 92
60054
60651 94
60812
61113 95
61277
61597 96
62425
63328 99
63380
63977 96
64514 101
64675
64972 102
65136
65450 103
65520
66125 105
67379
