903 3
1285
3101 9
4393
6514 16
6547
6850 17
6873
7179 18
7232
7829 20
7860
8157 21
8579
9483 24
9511
9812 25
9977
10278 26
10440
10746 27
10799
11402 29
11435
11736 30
12556
12857 31
12888
13796 34
13829
14130 35
14292
14598 36
14651
15256 38
15285
15586 39
21766
22674 42
22705
23006 43
23168
23474 44
23527
24124 46
25556
26456 49
26486
26783 50
26945
27247 51
27300
27914 53
27961
28558 55
28581
28878 56
29040
29342 57
29409
30006 59
31169
35741 74
35775
36078 75
36101
36407 76
36460
37057 78
37088
37385 79
38011
38915 82
38943
39244 83
39409
39710 84
39872
40178 85
40231
40830 87
40863
41160 88
41897
42194 89
42225
43133 92
43166
43467 93
43629
43935 94
43988
44585 96
44614
44911 97
921611
922511 100
922542
922843 101
923005
923311 102
923364
923969 104
925489
926397 107
926427
926728 108
926890
927196 109
927249
927867 111
927914
928511 113
928534
928835 114
928997
929303 115
929370
929975 117
931138
